Nº de Encuesta	Fecha de la  Aplicación de la Encuesta	Hora Inicio	"Condición del Encuestado Usuario (1)
Acompañante (2)"	Edad en años	Sexo M(1) F(2)	Nivel de Estudio Analfabeto (1) Primaria (2) Secundaria(3) Superior Tecnico(4) Superior Universitario (5)	"¿Tipo de seguro por el cual se atiende? 
SIS (1)
SOAT (2),
Ninguno (3)
Otro (4)"	"Tipo de paciente
 Nuevo (1),
Continuador (2)"	Especialidad donde fue atendido	E1	E2	E3	E4	E5	E6	E7	E8	E9	E10	E11	E12	E13	E14	E15	E16	E17	E18	E19	E20	E21	E22	P1	P2	P3	P4	P5	P6	P7	P8	P9	P10	P11	P12	P13	P14	P15	P16	P17	P18	P19	P20	P21	P22	Hora Final	Encuestadora	Duracion									
1	2019/10/03	08:48	2	40	2	3	1	2	CM-P1A	7	7	7	7	7	7	7	7	7	7	7	7	7	7	7	7	7	7	7	7	7	7	5	6	6	6	6	7	7	6	6	6	7	7	7	7	7	7	6	6	6	7	7	7	08:59	SNR	00:11									
2	2019/10/03	09:01	2	32	2	3	1	2	CC-UR	7	7	7	7	7	7	7	7	7	7	7	7	7	7	7	7	7	7	7	7	7	7	5	6	6	6	6	7	6	6	6	6	6	7	7	6	6	7	7	6	6	6	6	6	09:12	SNR	00:11									
3	2019/10/04	11:05	2	30	2	5	3	2	CM-P1A	7	7	7	7	7	7	7	7	6	7	7	7	7	7	7	7	7	7	6	7	7	7	6	6	6	7	7	5	5	99	6	6	6	6	6	5	6	7	6	6	6	6	6	5	11:16	IMM	00:11									
4	2019/10/04	10:50	2	27	2	3	1	2	CM-P1A	7	7	7	7	7	7	7	7	6	7	7	7	7	7	7	7	7	7	6	7	7	7	5	7	5	6	7	7	4	99	4	7	7	7	7	7	7	4	4	7	7	6	7	7	11:01	IMM	00:11									
5	2019/10/04	11:19	2	23	2	3	1	2	CM-P1A	7	7	7	7	7	7	7	7	6	7	7	7	7	7	7	7	7	7	7	7	7	7	7	7	7	7	7	7	7	7	99	6	7	7	7	7	7	7	7	7	7	7	6	7	11:30	IMM	00:11									
6	2019/10/04	10:17	2	26	2	3	1	1	CC-TR	6	7	7	7	7	7	7	7	7	7	7	7	7	7	7	7	7	7	7	7	7	7	6	7	6	7	5	7	7	7	5	7	7	7	7	7	7	5	7	7	6	7	6	7	10:28	IMM	00:11									
7	2019/10/04	10:33	1	33	2	3	1	2	CC-TR	6	7	7	6	7	7	5	7	7	7	7	7	7	6	7	5	7	7	7	7	7	7	7	7	6	6	5	7	5	6	7	7	6	7	7	7	7	7	7	7	7	7	7	7	10:44	IMM	00:11									
8	2019/10/04	10:03	2	34	2	2	1	2	CC-OF	7	7	7	5	7	7	7	7	7	7	7	7	7	7	7	7	7	7	7	7	7	7	7	7	7	4	7	7	7	7	99	7	7	7	7	7	7	7	7	7	7	7	7	7	10:13	IMM	00:10									
9	2019/10/04	15:09	2	29	2	3	1	2	CM-PT	6	7	6	6	6	5	6	5	6	6	6	6	6	6	6	7	7	7	7	7	7	7	4	5	6	6	6	7	7	7	6	7	6	5	5	4	5	5	6	6	5	6	7	7	15:20	SNR	00:11									
10	2019/10/04	14:55	2	28	2	4	1	2	CM-NRP	6	6	6	6	7	7	7	6	7	7	7	6	7	7	6	6	7	6	6	6	6	6	3	1	4	4	1	1	5	3	4	4	2	3	4	4	3	4	5	4	5	2	3	3	15:06	SNR	00:11									
11	2019/10/04	11:20	2	31	2	3	1	2	CC-UR	7	7	7	7	7	7	7	7	7	7	7	7	7	7	7	7	7	7	7	7	7	7	7	7	7	7	7	7	6	7	7	6	6	6	6	5	7	6	7	7	4	5	5	6	11:31	SNR	00:11									
12	2019/10/07	09:47	2	31	2	3	1	2	CC-OT	7	6	6	5	5	5	6	6	6	6	6	6	5	7	6	6	5	5	5	5	5	5	2	2	1	5	6	1	6	5	4	5	4	3	3	1	5	5	5	6	6	6	5	5	09:59	SNR	00:12									
13	2019/10/07	10:17	2	21	2	2	1	2	CC-CIR	7	7	7	7	7	7	7	7	7	7	7	7	7	7	7	7	7	7	7	7	7	7	7	7	7	4	7	7	5	5	99	7	1	2	2	7	7	1	1	6	7	7	1	7	10:30	SNR	00:13									
14	2019/10/07	10:32	2	20	2	3	1	2	CM-MF	7	7	7	7	7	7	7	7	7	7	7	7	7	7	7	7	7	7	7	7	7	7	5	7	7	7	7	7	99	99	99	7	6	7	7	5	6	7	7	5	6	6	7	7	10:43	SNR	00:11									
15	2019/10/07	15:22	2	42	2	3	3	2	CM-PT	7	7	7	7	7	7	7	7	7	7	7	7	7	7	7	7	7	7	7	7	7	7	6	7	6	6	3	6	6	99	99	7	5	5	6	7	6	7	6	6	7	7	7	7	15:33	SNR	00:11									
16	2019/10/07	10:48	2	26	2	3	3	2	CM-P1A	7	7	7	7	7	7	7	7	7	7	7	7	7	7	7	7	7	7	7	7	7	7	5	6	4	5	4	5	5	6	7	5	5	5	6	5	5	6	6	5	5	3	4	5	11:00	SNR	00:12									
17	2019/10/07	14:53	2	22	2	4	1	2	CM-NEF	7	6	5	5	5	5	4	4	4	4	5	5	4	4	5	5	5	5	5	4	4	4	6	6	7	3	1	6	7	99	5	6	1	7	6	7	7	5	6	7	7	1	7	7	15:04	SNR	00:11									
18	2019/10/07	15:06	2	38	2	2	1	2	CM-NEF	7	7	7	7	7	7	7	7	7	7	7	7	7	7	7	7	7	7	7	7	7	7	7	7	7	7	7	7	7	99	7	6	6	7	7	7	7	7	7	7	5	6	7	7	15:18	SNR	00:12									
19	2019/10/07	14:39	2	30	2	3	1	2	CM-MF	7	7	7	7	7	7	7	7	7	7	7	7	7	7	7	7	7	7	7	7	7	7	2	3	5	7	6	7	7	7	7	7	7	7	7	7	7	7	7	7	4	1	7	2	14:51	SNR	00:12									
20	2019/10/07	10:02	2	42	1	3	3	2	CC-TR	6	6	6	6	6	6	6	7	6	6	6	6	6	6	6	5	5	5	5	5	5	5	5	5	6	6	3	6	6	6	99	5	6	6	6	6	7	6	6	6	7	5	6	5	10:15	SNR	00:13									
21	2019/10/07	14:45	2	25	2	3	1	2	CM-PT	6	6	7	7	6	6	6	6	6	7	7	7	7	7	7	7	7	7	6	6	7	6	6	6	6	6	4	4	5	99	5	7	6	6	6	7	6	6	6	6	7	7	6	6	14:55	RLN	00:10									
22	2019/10/07	11:56	2	43	1	4	3	2	CM-CA	7	7	6	7	7	6	6	6	6	7	7	7	6	6	7	6	6	6	6	6	7	6	7	5	6	6	4	5	99	99	99	7	6	7	6	7	7	7	7	7	6	6	6	6	12:07	RLN	00:11									
23	2019/10/07	11:40	2	55	1	2	1	2	CM-GT	6	6	6	6	6	5	6	6	6	6	6	6	6	6	6	6	6	6	5	6	6	6	5	5	6	6	4	4	5	5	5	5	6	5	5	5	6	6	5	6	6	5	5	5	11:52	RLN	00:12									
24	2019/10/07	11:01	2	45	2	3	3	2	C-PC	6	6	7	7	6	6	5	5	5	7	7	7	7	7	7	7	7	7	6	6	7	7	6	6	7	7	5	6	99	99	99	7	7	7	7	6	7	7	99	99	7	6	7	7	11:12	RLN	00:11									
25	2019/10/07	10:45	2	37	2	3	3	2	C-OO	6	7	7	7	6	6	6	6	4	7	7	7	7	7	7	7	7	7	6	6	7	7	6	6	6	6	5	5	99	6	99	7	6	7	7	6	7	7	7	6	6	6	6	7	10:57	RLN	00:12									
26	2019/10/07	10:32	2	42	2	3	1	2	C-MEA	6	6	6	6	6	6	6	6	6	7	7	6	6	6	6	6	7	6	6	6	6	6	6	5	7	6	4	4	99	7	5	7	7	7	7	6	7	7	7	7	7	6	7	7	10:43	RLN	00:11									
27	2019/10/07	10:15	2	30	2	3	1	2	CM-P2B	6	6	6	6	6	5	6	6	6	7	7	7	7	7	7	7	7	7	7	7	7	6	6	5	6	7	4	3	4	99	4	7	6	6	7	6	7	7	7	7	7	6	7	7	10:26	RLN	00:11									
28	2019/10/07	10:00	2	29	2	3	1	2	CC-CG	7	7	7	7	7	7	7	7	7	7	7	7	7	7	7	7	7	7	7	7	7	7	6	5	6	6	3	4	5	4	5	7	6	6	6	6	6	6	6	6	6	6	6	6	10:10	RLN	00:10									
29	2019/10/07	09:45	2	39	2	3	1	2	CC-OF	4	6	7	7	6	5	5	6	5	5	7	7	6	6	6	6	6	6	6	6	6	6	5	4	5	5	3	4	99	99	4	6	5	5	5	6	6	6	5	6	6	6	5	5	09:56	RLN	00:11									
30	2019/10/07	09:30	2	35	2	3	1	2	CC-OF	6	6	7	6	6	6	6	6	6	6	7	7	7	6	6	7	6	6	6	6	6	6	6	4	5	6	4	4	99	99	4	6	4	4	7	7	7	6	6	99	7	6	7	7	09:41	RLN	00:11									
31	2019/10/09	09:20	2	39	2	3	1	2	CC-OT	7	7	7	6	6	7	7	6	6	6	6	6	6	6	6	6	6	6	7	5	6	7	5	6	7	5	5	6	7	6	6	6	7	7	6	6	6	6	6	6	6	6	6	5	09:32	SNR	00:12									
32	2019/10/09	09:54	2	44	2	3	3	2	C-CBM	6	6	6	6	6	6	6	6	6	6	6	6	6	6	6	6	6	6	6	6	6	6	2	2	2	6	2	4	5	5	99	6	1	4	5	6	6	5	5	5	4	5	4	1	10:06	SNR	00:12									
33	2019/10/09	10:23	2	42	2	4	1	2	CM-MA	7	7	7	7	7	7	7	7	7	7	7	7	7	7	7	7	7	7	7	7	7	7	7	7	6	1	7	7	99	99	6	7	7	7	7	7	7	3	7	6	7	7	6	7	10:34	SNR	00:11									
34	2019/10/09	10:36	2	32	2	3	3	2	CM-UCA	5	4	5	5	5	5	5	4	5	5	4	5	5	5	5	5	6	5	5	6	4	4	7	7	7	7	7	7	7	7	7	7	6	7	7	7	7	7	7	7	7	7	7	7	10:48	SNR	00:12									
35	2019/10/09	14:33	2	43	2	3	1	2	CM-PT	7	7	7	7	7	7	7	7	7	7	7	7	7	7	7	7	7	7	7	7	7	7	6	6	5	5	6	6	99	99	99	5	5	5	5	5	5	6	5	5	5	5	6	6	14:45	SNR	00:12									
36	2019/10/09	14:47	2	40	2	3	1	2	CM-NEF	7	7	7	7	7	7	7	7	7	7	7	7	7	7	7	7	7	7	7	7	7	7	6	4	6	7	5	2	4	99	6	7	7	6	7	6	6	6	7	7	6	6	7	7	14:59	SNR	00:12									
37	2019/10/09	12:22	2	49	2	3	1	2	C-MEA	6	7	6	7	6	5	5	6	5	7	7	7	7	7	7	7	7	7	6	6	6	6	5	5	6	6	4	4	99	7	5	7	5	6	6	5	6	6	6	6	6	5	5	5	12:33	RLN	00:11									
38	2019/10/09	12:10	2	31	2	3	1	2	C-PC	6	7	6	6	7	6	6	6	7	6	6	6	7	7	7	7	7	7	7	7	7	6	7	5	6	5	6	5	99	99	99	7	6	7	7	7	7	7	99	99	7	5	6	6	12:20	RLN	00:10									
39	2019/10/09	11:56	2	33	2	3	1	2	C-OO	6	6	6	6	6	6	6	6	6	6	6	6	7	6	6	6	6	6	6	6	6	6	7	4	5	6	4	3	99	6	5	6	6	5	6	6	6	6	6	5	5	6	5	6	12:07	RLN	00:11									
40	2019/10/09	11:40	2	39	2	4	1	2	CM-NRP	7	7	7	7	7	7	7	7	7	7	7	7	7	7	7	7	7	7	6	7	7	6	6	5	6	6	3	4	5	4	4	6	5	6	6	5	7	6	5	5	6	6	7	6	11:51	RLN	00:11									
41	2019/10/09	11:27	2	30	2	3	1	2	CM-NEF	7	7	7	7	7	7	7	7	7	7	7	7	7	7	7	7	7	7	7	7	7	7	6	6	6	6	5	5	99	99	5	7	6	7	7	6	7	6	6	6	7	5	7	7	11:38	RLN	00:11									
42	2019/10/09	11:15	2	25	2	3	1	2	CM-P1A	7	7	7	7	7	7	7	7	7	7	7	7	7	7	7	7	7	7	7	7	7	7	6	6	6	6	4	3	4	99	4	7	6	6	6	6	6	6	6	6	6	5	6	5	11:25	RLN	00:10									
43	2019/10/09	11:02	2	45	2	3	1	2	CM-MA	7	7	7	7	6	6	6	6	6	7	7	7	7	7	7	7	7	7	6	7	7	7	6	7	7	7	6	5	99	99	5	7	6	7	6	6	7	7	6	6	7	6	6	6	11:13	RLN	00:11									
44	2019/10/09	10:47	2	28	2	4	1	2	CC-OF	6	6	6	6	7	7	7	7	7	7	7	7	7	6	7	7	6	6	6	6	6	6	6	5	5	5	3	5	99	99	5	6	6	6	6	6	6	6	6	5	5	4	6	6	10:58	RLN	00:11									
45	2019/10/09	10:35	2	39	2	3	1	2	CC-TR	6	6	6	7	6	6	6	6	6	6	7	7	6	6	6	6	6	6	6	6	6	6	5	5	7	7	3	4	7	6	99	6	6	6	6	6	6	6	6	6	6	5	6	5	10:46	RLN	00:11									
46	2019/10/10	10:04	2	30	2	5	1	2	CM-DE	7	7	7	7	7	7	7	7	7	7	7	7	7	7	7	7	7	7	7	7	7	7	5	5	7	4	7	4	99	99	99	6	7	7	7	5	7	7	7	7	7	6	7	6	10:15	SNR	00:11									
47	2019/10/10	10:18	2	39	2	3	3	2	CC-GN	7	7	7	7	7	7	7	7	7	7	7	7	7	7	7	7	7	7	7	7	7	7	7	7	7	7	7	7	6	6	7	7	7	7	7	7	7	6	7	6	6	6	6	7	10:30	SNR	00:12									
48	2019/10/10	10:32	2	39	1	5	3	1	CC-GN	7	7	7	7	7	7	7	7	7	7	7	7	7	7	7	7	7	7	7	7	7	7	5	5	6	6	6	6	6	99	99	6	4	5	5	6	5	6	5	5	3	3	4	4	10:44	SNR	00:12									
49	2019/10/10	10:47	2	26	2	5	1	2	CM-NM	6	6	7	7	6	6	6	7	7	7	6	6	7	7	6	6	6	7	7	6	6	4	6	4	7	5	6	3	3	3	5	6	2	4	5	6	5	5	5	4	4	6	6	6	10:59	SNR	00:12									
50	2019/10/10	11:04	2	29	2	3	1	2	CC-CP	5	5	6	5	5	4	4	4	4	5	5	4	4	4	5	4	5	5	3	4	5	4	4	7	7	5	7	4	7	5	99	6	7	7	6	6	7	7	7	7	7	7	7	7	11:17	SNR	00:13									
51	2019/10/10	11:21	2	30	2	5	3	2	CC-OF	7	7	7	7	7	7	7	7	7	7	7	7	7	7	7	7	7	7	7	7	7	7	5	6	6	6	4	6	6	99	99	6	6	7	6	4	6	6	6	6	5	6	5	7	11:32	SNR	00:11									
52	2019/10/10	11:34	2	41	2	5	3	1	CC-OF	7	7	7	7	7	7	7	7	7	7	7	7	7	7	7	7	7	7	7	7	7	7	6	1	1	4	1	6	99	99	99	1	1	4	5	1	4	1	1	1	6	1	4	2	11:46	SNR	00:12									
53	2019/10/10	11:49	2	34	2	4	3	2	CM-P1C	6	7	5	5	6	4	5	5	5	4	4	4	5	5	7	6	6	6	5	5	5	5	7	5	6	3	3	4	99	99	99	7	7	7	7	5	7	7	7	7	7	7	7	7	12:01	SNR	00:12									
54	2019/10/10	10:18	2	49	2	3	3	2	CM-GT	7	6	6	7	7	7	7	6	6	6	7	7	7	7	7	7	7	7	7	6	6	6	7	6	7	7	6	6	5	4	4	6	5	6	6	6	6	6	5	5	5	5	6	6	10:30	LCG	00:12									
55	2019/10/10	11:13	2	45	2	3	3	2	CM-P2D	7	7	7	7	7	7	7	7	7	7	7	6	6	6	7	6	6	6	6	6	6	6	2	2	2	2	1	7	99	99	6	7	7	7	7	7	6	7	7	6	4	1	5	4	11:25	LCG	00:12									
56	2019/10/10	10:05	2	49	2	4	3	2	CM-P2D	7	7	7	7	7	7	7	7	6	7	7	6	7	7	7	7	7	7	6	6	6	6	5	5	7	7	3	6	6	3	5	6	4	2	3	1	1	1	1	3	2	4	6	4	10:17	LCG	00:12									
57	2019/10/10	10:57	2	42	2	5	1	2	CC-CG	7	7	7	7	7	7	7	7	7	7	7	7	6	7	7	7	7	7	6	6	6	6	7	6	7	7	6	2	2	5	99	7	6	6	6	6	6	6	99	6	3	2	6	4	11:10	LCG	00:13									
58	2019/10/10	11:26	2	22	2	5	1	2	CC-OF	6	6	6	6	7	7	7	7	7	7	7	7	7	7	7	7	7	6	6	6	6	6	6	3	3	3	3	6	99	99	6	6	6	6	6	6	6	6	6	5	5	2	6	6	11:38	LCG	00:12									
59	2019/10/10	10:32	2	40	2	5	3	2	CC-UR	7	5	7	7	7	7	7	7	7	6	6	6	6	7	7	7	7	7	7	6	6	6	6	5	7	6	6	6	99	99	99	7	7	7	7	7	7	7	7	6	7	7	7	4	10:42	LCG	00:10									
60	2019/10/10	10:43	2	23	2	3	1	1	CC-UR	6	6	6	6	6	7	7	7	7	7	7	7	7	7	7	7	7	6	6	6	6	6	7	6	7	6	6	4	6	99	1	6	3	6	6	4	4	6	6	6	6	2	6	4	10:55	LCG	00:12									
61	2019/10/10	09:10	2	32	2	3	1	2	CM-GT	7	7	7	7	7	7	7	6	6	6	7	7	7	7	7	7	7	7	7	6	6	6	7	6	7	7	6	6	5	5	5	6	6	6	6	6	6	6	6	6	6	6	6	6	09:21	RLN	00:11									
62	2019/10/10	09:25	2	43	2	3	1	2	CM-DE	7	7	7	7	7	7	7	7	7	7	7	7	7	7	7	7	7	7	7	7	7	7	6	5	7	5	7	5	7	99	6	7	7	7	6	5	6	6	6	6	5	6	6	7	09:35	RLN	00:10									
63	2019/10/10	11:22	2	34	2	5	3	2	CM-P2B	6	6	6	6	6	6	6	6	5	6	6	5	6	6	6	6	6	6	5	5	5	5	5	5	5	5	4	6	99	99	6	6	6	6	6	6	6	5	6	6	5	4	5	5	11:33	RLN	00:11									
64	2019/10/10	10:12	2	40	2	4	3	2	CC-OT	6	6	6	6	6	6	5	5	6	6	6	6	6	6	6	6	6	6	5	5	6	5	5	6	6	5	6	5	6	6	6	6	6	5	6	6	6	6	6	6	6	6	6	5	10:24	RLN	00:12									
65	2019/10/10	10:26	2	36	2	3	3	2	CC-CG	7	7	7	7	7	7	7	7	7	7	7	7	7	7	7	7	7	7	7	7	7	7	6	6	6	6	6	5	5	5	6	7	6	6	6	6	6	6	5	5	5	5	6	6	10:37	RLN	00:11									
66	2019/10/10	10:40	2	28	2	3	1	2	CM-UCA	6	6	6	6	6	6	6	6	6	6	6	6	6	6	6	6	6	6	6	6	6	6	6	7	6	5	5	6	6	99	6	6	6	6	6	6	6	6	6	6	5	5	6	6	10:51	RLN	00:11									
67	2019/10/10	10:55	2	25	2	3	1	2	CM-P1C	7	7	7	7	7	7	7	7	7	7	7	7	7	7	7	7	7	7	7	7	7	7	6	6	7	7	5	6	6	5	6	7	5	4	5	4	4	4	4	5	4	5	6	5	11:06	RLN	00:11									
68	2019/10/10	11:10	2	33	2	4	1	2	CM-MF	6	6	6	5	5	5	6	6	6	6	6	6	6	6	6	6	6	6	6	5	5	6	6	6	6	6	5	6	99	6	99	6	6	7	6	6	7	6	6	6	6	6	6	5	11:20	RLN	00:10									
69	2019/10/11	12:51	2	44	2	3	1	2	CM-CA	7	6	6	7	7	6	6	6	6	7	7	7	7	7	7	7	7	7	7	6	7	6	3	6	6	3	3	5	6	3	4	6	6	6	6	6	6	6	6	6	4	4	6	5	13:03	LCG	00:12									
70	2019/10/11	12:36	2	37	2	3	1	2	CC-TR	7	6	6	7	6	6	6	6	6	7	7	7	7	7	7	7	7	7	7	6	7	6	7	5	7	7	5	3	99	99	6	7	7	7	7	7	7	7	7	7	6	5	6	5	12:50	LCG	00:14									
71	2019/10/11	13:05	2	38	2	4	3	2	CC-CP	7	7	7	7	7	7	7	7	7	7	7	6	6	6	6	6	6	6	6	7	7	7	6	6	6	6	6	4	4	4	5	6	6	6	6	6	6	6	6	6	5	5	6	4	13:18	LCG	00:13									
72	2019/10/11	10:02	2	33	2	2	3	2	C-PS	6	6	6	6	7	6	6	6	7	7	6	6	6	7	7	7	7	6	6	7	6	6	7	7	6	5	4	7	99	99	99	6	7	6	6	7	7	6	7	99	7	6	7	6	10:15	SNR	00:13									
73	2019/10/11	10:18	2	46	2	3	1	2	C-PS	7	7	7	7	7	7	7	7	7	7	7	7	7	7	7	7	7	7	7	7	7	7	5	6	6	4	6	6	99	99	99	5	5	6	6	7	6	6	5	5	6	6	6	5	10:29	SNR	00:11									
74	2019/10/11	10:53	2	50	2	3	1	2	CC-TR	7	7	7	7	7	7	7	7	7	7	7	7	7	7	7	7	7	7	7	7	7	7	4	5	3	4	5	5	4	4	5	6	5	5	5	6	5	5	6	5	4	5	5	4	11:05	SNR	00:12									
75	2019/10/11	10:34	2	40	2	3	3	2	CM-MA	6	5	6	5	5	5	6	5	5	6	6	6	5	5	6	6	6	5	6	6	7	5	6	7	6	6	5	6	99	99	99	6	6	6	7	7	6	6	5	6	7	7	6	5	10:46	SNR	00:12									
76	2019/10/11	10:19	2	34	2	2	1	2	C-MEA	7	7	7	7	7	7	7	7	7	7	7	7	7	7	7	7	7	7	7	7	7	7	6	4	5	5	6	4	99	99	99	6	6	4	5	6	5	6	6	6	6	7	6	5	10:30	SNR	00:11									
77	2019/10/11	11:11	2	26	2	2	1	2	CC-OT	7	7	7	7	7	7	7	7	7	7	7	7	7	7	7	7	7	7	7	7	7	7	5	6	7	3	4	6	99	7	5	7	7	7	6	6	7	6	6	7	5	5	4	4	11:22	SNR	00:11									
78	2019/10/11	12:08	2	39	2	4	3	2	CC-GN	5	6	5	5	6	7	5	5	5	4	4	4	5	5	6	5	5	6	4	4	5	5	7	6	5	6	5	6	99	6	5	6	6	6	6	6	6	6	6	7	7	6	7	7	12:20	SNR	00:12									
79	2019/10/11	11:50	2	38	2	3	3	2	CM-MF	7	7	7	6	6	6	7	7	7	7	7	7	7	7	7	7	7	7	7	6	6	7	6	7	7	7	5	6	99	6	99	6	6	7	6	6	7	6	6	5	6	7	6	5	12:02	SNR	00:12									
80	2019/10/11	12:23	2	22	2	3	1	2	CM-DE	7	7	7	7	7	7	7	7	7	7	7	7	7	7	7	7	7	7	7	7	7	7	5	4	6	3	6	4	7	99	5	6	6	6	4	4	5	6	6	6	4	6	4	6	12:35	SNR	00:12									
81	2019/10/11	12:22	2	34	1	3	1	2	C-MEA	7	7	7	7	7	7	7	7	6	7	7	7	7	7	7	7	7	7	7	7	7	7	6	5	6	7	7	7	99	99	99	7	7	6	7	4	7	7	7	99	4	6	6	6	12:33	RLN	00:11									
82	2019/10/11	11:55	2	22	2	3	1	2	CM-P2D	7	7	7	7	7	7	7	7	7	7	7	7	7	7	7	7	7	7	7	7	7	7	6	6	7	7	5	4	5	99	4	6	6	6	6	6	6	6	6	6	6	5	6	6	12:05	RLN	00:10									
83	2019/10/11	12:10	2	25	2	3	1	2	C-PC	6	6	6	7	5	5	5	5	5	6	7	6	6	6	7	6	6	6	5	6	6	6	6	6	7	7	5	5	99	99	99	6	6	7	7	7	7	7	99	99	5	5	6	5	12:20	RLN	00:10									
84	2019/10/11	11:30	2	32	2	3	1	2	CM-P1A	5	6	7	7	6	6	6	6	6	6	7	7	7	6	7	7	7	7	5	6	7	6	6	6	6	6	5	5	5	99	5	6	6	6	6	6	6	6	6	6	6	6	6	6	11:40	RLN	00:10									
85	2019/10/11	11:42	2	25	2	3	1	2	CM-NRP	6	6	6	6	6	6	6	6	6	6	6	7	7	6	6	6	6	6	5	6	6	6	6	6	5	6	2	4	4	4	4	7	6	6	6	6	6	6	6	6	6	4	6	6	11:53	RLN	00:11									
86	2019/10/11	11:15	2	37	2	3	3	2	CC-OF	7	6	6	6	6	5	3	5	5	7	7	7	7	7	7	7	7	7	7	7	7	7	7	5	6	6	4	5	99	99	99	7	6	6	6	6	7	7	7	7	6	4	6	6	11:27	RLN	00:12									
87	2019/10/11	10:55	2	41	2	3	3	2	CM-GT	7	7	7	7	7	7	7	7	7	7	7	7	7	7	7	7	7	7	7	7	7	7	7	5	6	7	7	6	7	99	6	7	7	6	7	7	7	7	7	6	7	6	6	7	11:06	RLN	00:11									
88	2019/10/11	10:40	2	47	2	3	1	2	CM-GT	6	6	6	6	6	6	6	6	6	6	6	6	6	6	6	6	6	6	6	6	6	6	5	5	5	5	3	4	5	99	4	6	5	5	6	5	6	6	5	5	5	5	6	6	10:51	RLN	00:11									
89	2019/10/11	09:48	2	39	2	3	3	2	C-OO	5	6	7	7	5	5	4	5	4	7	7	7	7	7	7	7	7	7	6	7	6	6	6	5	6	6	5	5	99	6	99	7	6	7	6	5	6	6	6	6	7	5	5	5	09:59	RLN	00:11									
90	2019/10/14	11:41	2	40	2	4	1	2	CM-DE	7	7	7	7	7	7	7	7	7	7	7	7	7	7	7	7	7	7	7	7	7	7	6	7	7	7	6	6	99	99	99	6	5	6	6	6	7	7	7	7	7	7	6	6	11:51	SNR	00:10									
91	2019/10/14	11:25	2	31	2	2	3	2	CM-P2B	6	5	6	7	6	6	6	5	6	6	6	7	7	7	6	7	7	7	7	6	6	6	4	6	5	4	4	5	5	5	6	6	5	3	4	5	6	4	4	5	5	6	5	4	11:37	SNR	00:12									
92	2019/10/14	11:09	2	41	2	3	3	2	CC-OF	7	7	6	6	6	6	7	6	6	7	7	7	7	7	7	7	7	6	6	7	7	7	6	5	6	5	6	7	99	99	99	3	4	5	6	5	5	6	6	6	6	6	6	5	11:21	SNR	00:12									
93	2019/10/14	10:53	2	38	2	3	3	2	C-MEA	7	6	1	6	6	2	3	1	5	1	6	1	6	1	5	2	5	4	7	5	7	4	5	3	6	7	7	4	99	99	6	2	5	5	4	5	4	5	6	5	4	3	5	4	11:05	SNR	00:12									
94	2019/10/14	12:03	2	25	2	5	3	2	CC-OT	7	6	7	7	7	7	6	6	7	7	7	7	7	7	7	7	7	7	5	5	7	5	1	7	7	2	6	4	6	6	6	6	6	5	5	6	6	6	6	6	6	6	6	5	12:15	LCG	00:12									
95	2019/10/14	13:27	2	43	2	5	1	2	CM-UCA	6	6	7	7	7	6	7	7	6	7	7	7	7	7	7	7	7	7	6	7	7	6	5	6	5	4	4	6	6	99	6	6	6	6	6	6	6	6	6	6	6	5	6	6	13:40	LCG	00:13									
96	2019/10/14	11:33	2	36	1	4	3	2	CM-DE	7	7	7	7	7	5	5	5	5	7	7	6	6	6	7	7	7	7	5	6	7	4	1	5	5	5	3	1	99	99	99	6	6	6	6	6	6	6	99	6	5	6	6	4	11:45	LCG	00:12									
97	2019/10/14	11:49	2	33	2	3	3	2	CC-OF	7	7	7	7	7	5	5	5	5	5	7	6	6	6	6	6	6	6	5	7	7	7	5	5	7	7	7	7	99	99	99	7	7	7	4	6	4	6	99	99	7	5	7	5	12:02	LCG	00:13									
98	2019/10/14	12:15	2	58	2	2	1	2	CM-EN	7	7	7	7	7	7	6	6	6	7	7	7	7	7	7	7	7	7	4	6	6	4	5	6	6	6	2	2	2	99	99	6	6	6	6	6	6	6	99	6	2	4	6	6	12:28	LCG	00:13									
99	2019/10/14	11:10	2	20	2	3	1	1	CC-TR	6	7	7	7	7	7	7	7	7	7	7	7	7	7	7	7	7	7	7	6	7	7	6	6	7	7	7	7	99	6	99	6	4	6	6	6	6	6	6	6	6	6	6	6	11:22	LCG	00:12									
100	2019/10/14	12:00	2	25	2	3	1	2	CC-CP	7	7	7	7	1	7	7	7	1	1	7	7	7	7	1	1	7	7	7	7	7	1	7	7	7	7	1	7	7	7	1	7	7	7	7	7	7	7	7	7	7	7	1	7	12:10	SLR	00:10									
